[[ -12   -3   -2    2  -41  -20]
 [ -23    7   -6    1 -112  -24]
 [   4   -1    1    0   18    4]]

[[ -23    7   -6    1 -112  -24]
 [ -12   -3   -2    2  -41  -20]
 [   4   -1    1    0   18    4]]

[[  1  13  -2  -3 -30  16]
 [-12  -3  -2   2 -41 -20]
 [  4  -1   1   0  18   4]]

[[  1  13  -2  -3 -30  16]
 [  0  -6   1   2  13  -8]
 [  0 -53   9  12 138 -60]]

[[   1   13   -2   -3  -30   16]
 [   0   54   -9  -18 -117   72]
 [   0  -53    9   12  138  -60]]

[[  1  13  -2  -3 -30  16]
 [  0   1   0  -6  21  12]
 [  0 -53   9  12 138 -60]]

[[   1   13   -2   -3  -30   16]
 [   0    1    0   -6   21   12]
 [   0    0    9 -306 1251  576]]

[[  1  13  -2  -3 -30  16]
 [  0   1   0  -6  21  12]
 [  0   0   1 -34 139  64]]

[[   1    0   -2   75 -303 -140]
 [   0    1    0   -6   21   12]
 [   0    0    1  -34  139   64]]

[[  1   0   0   7 -25 -12]
 [  0   1   0  -6  21  12]
 [  0   0   1 -34 139  64]]